[[1]]
----------------------------------------------------
Gaussian finite mixture model fitted by EM algorithm 
----------------------------------------------------

Mclust EEV (ellipsoidal, equal volume and shape) model with 9 components:

 log.likelihood    n df       BIC       ICL
       -5079.05 1519 65 -10634.28 -11633.36

Clustering table:
  1   2   3   4   5   6   7   8   9 
304  43  69 671 262  58  20  22  70 

Mixing probabilities:
         1          2          3          4          5          6          7          8 
0.26281155 0.03353343 0.04681308 0.25694502 0.22645049 0.04265450 0.06360563 0.01865420 
         9 
0.04853209 

Means:
       [,1]     [,2]     [,3]     [,4]     [,5]     [,6]     [,7]     [,8]     [,9]
C1 2.873058 3.112467 1.942214 3.519740 2.826759 2.407212 3.480722 3.460311 1.858139
C2 2.565878 2.059863 2.332102 2.481546 2.391325 2.069039 2.519578 2.528939 2.979584
C3 3.444018 1.679863 3.241534 3.362169 2.825073 2.966919 2.699559 3.012148 3.196088

Variances:
[,,1]
           C1         C2         C3
C1  1.3081290 -0.4698909  0.4791616
C2 -0.4698909  0.9100541 -0.8903031
C3  0.4791616 -0.8903031  0.8827435
[,,2]
           C1         C2         C3
C1  1.2170398  0.1684658 -0.6093437
C2  0.1684658  0.1844688 -0.5486823
C3 -0.6093437 -0.5486823  1.6994181
[,,3]
          C1        C2        C3
C1 1.2057165 0.5087260 0.3787579
C2 0.5087260 1.4271529 0.8033018
C3 0.3787579 0.8033018 0.4680573
[,,4]
           C1         C2         C3
C1  1.0210626 -1.0153605  0.3675696
C2 -1.0153605  1.0213873 -0.3649652
C3  0.3675696 -0.3649652  1.0584767
[,,5]
          C1        C2        C3
C1 1.0144395 0.3674816 1.0130822
C2 0.3674816 1.0630170 0.3710537
C3 1.0130822 0.3710537 1.0234702
[,,6]
           C1         C2         C3
C1  1.4210424 -0.9367973 -0.3826062
C2 -0.9367973  0.6356913  0.3485289
C3 -0.3826062  0.3485289  1.0441930
[,,7]
           C1         C2         C3
C1  0.9180922 -0.9121886 -0.4619802
C2 -0.9121886  0.9180069  0.4627394
C3 -0.4619802  0.4627394  1.2648276
[,,8]
            C1          C2         C3
C1  1.74851310 -0.03194406 -0.7618902
C2 -0.03194406  0.30994750 -0.4481109
C3 -0.76189021 -0.44811087  1.0424661
[,,9]
           C1         C2         C3
C1  0.5292456 -0.7561382  0.4338334
C2 -0.7561382  1.1021245 -0.5614328
C3  0.4338334 -0.5614328  1.4695566

[[2]]
----------------------------------------------------
Gaussian finite mixture model fitted by EM algorithm 
----------------------------------------------------

Mclust EEV (ellipsoidal, equal volume and shape) model with 8 components:

 log.likelihood    n  df       BIC       ICL
      -23446.72 1519 748 -52373.14 -52756.86

Clustering table:
  1   2   3   4   5   6   7   8 
 31  23 196 216 250 471 111 221 

Mixing probabilities:
         1          2          3          4          5          6          7          8 
0.02083524 0.01565862 0.12656325 0.13985732 0.17002649 0.28962408 0.08261597 0.15481902 

Means:
         [,1]     [,2]     [,3]     [,4]     [,5]     [,6]     [,7]     [,8]
I1   1.852703 1.257000 2.112202 2.289719 2.007039 1.744584 1.679901 1.395903
I2   2.338715 3.040302 2.896303 2.977285 2.843697 2.727263 2.132155 2.698076
I3   2.597907 2.792098 3.548648 3.310281 3.013390 2.827341 2.753245 2.599198
I4   2.409214 2.622913 3.646168 3.385967 2.842400 2.783666 2.494393 2.544044
I5   3.390836 3.162558 3.339399 4.657152 2.836952 1.507964 2.715107 2.207941
I6   3.066787 3.390665 3.656223 3.533587 3.102432 3.300597 3.009253 3.222044
I7   3.202459 3.342155 4.221397 3.610220 3.181640 3.208842 3.147896 3.445013
I8   3.014250 3.261908 5.000000 4.092445 3.529707 3.796725 2.932055 3.718401
I9   4.414819 3.334710 3.298996 5.047643 3.092690 1.893032 3.483806 2.511487
I10  2.800015 2.365550 2.586369 3.622146 2.580566 1.784384 2.607770 2.507234
RFQ1 3.624737 3.439887 3.069077 6.604391 3.442427 1.404746 2.936522 2.414344
RFQ2 5.330396 4.288540 3.884372 6.652156 3.778882 1.404746 3.494576 3.013980
RFQ3 3.623398 4.499456 3.533873 6.604391 3.442427 1.426464 3.478638 2.660534

Variances:
[,,1]
               I1          I2         I3          I4          I5         I6         I7
I1    0.713232612 -0.17181856  0.2714427  0.37502259  0.19838385  0.2325370  0.4176983
I2   -0.171818558  1.21734454 -0.1424318 -0.09842009 -0.03817408 -0.0119526 -0.4006947
I3    0.271442666 -0.14243180  0.8028322  0.48729759  0.25346385  0.6170166  0.6806576
I4    0.375022593 -0.09842009  0.4872976  0.88955704  0.26310419  0.3984824  0.3076260
I5    0.198383846 -0.03817408  0.2534638  0.26310419  0.97789517  0.4482372  0.4083722
I6    0.232537039 -0.01195260  0.6170166  0.39848242  0.44823724  1.0116794  0.5436023
I7    0.417698298 -0.40069475  0.6806576  0.30762603  0.40837221  0.5436023  1.1869597
I8    0.004668378  0.10688569  0.5134378  0.27484035  0.29959810  0.4602889  0.4928977
I9   -0.244390689  0.18499776  0.1211422 -0.09529657  0.29042619  0.1041345 -0.1008291
I10   0.247459599  0.01114480  0.2351872  0.30086048  0.32944169  0.2635072  0.2683462
RFQ1  0.429054299 -0.44291255  0.6486706  0.63964563  0.41828355  0.3790277  0.7184927
RFQ2  0.234485921  0.03859910  0.4999948  0.21258964  0.67232521  0.7523557  0.4552319
RFQ3  0.149743855  0.27370732  0.5891992  0.49056826  0.53538271  0.6036823  0.3848237
               I8          I9        I10       RFQ1       RFQ2      RFQ3
I1    0.004668378 -0.24439069 0.24745960  0.4290543 0.23448592 0.1497439
I2    0.106885690  0.18499776 0.01114480 -0.4429126 0.03859910 0.2737073
I3    0.513437805  0.12114220 0.23518721  0.6486706 0.49999480 0.5891992
I4    0.274840350 -0.09529657 0.30086048  0.6396456 0.21258964 0.4905683
I5    0.299598103  0.29042619 0.32944169  0.4182835 0.67232521 0.5353827
I6    0.460288911  0.10413450 0.26350718  0.3790277 0.75235567 0.6036823
I7    0.492897723 -0.10082911 0.26834622  0.7184927 0.45523187 0.3848237
I8    0.850365428 -0.04806732 0.19086766  0.3882466 0.52505322 0.6026715
I9   -0.048067321  0.53980532 0.07913212 -0.1389524 0.14787908 0.2181408
I10   0.190867658  0.07913212 0.70792619  0.3383630 0.08583589 0.1704134
RFQ1  0.388246640 -0.13895243 0.33836304  2.6500740 0.67776593 0.6103875
RFQ2  0.525053216  0.14787908 0.08583589  0.6777659 1.57478956 0.7602612
RFQ3  0.602671534  0.21814083 0.17041341  0.6103875 0.76026116 2.9563677
[,,2]
               I1           I2          I3          I4          I5          I6          I7
I1    0.271617925 -0.108166591  0.20675169  0.04679332  0.11409355 -0.00968312 -0.06520424
I2   -0.108166591  1.753103136  0.03555795 -0.00348805  0.39997779  0.53930114 -0.21613680
I3    0.206751687  0.035557948  1.72515459  0.37563000  0.24806807 -0.30931306  0.01152176
I4    0.046793318 -0.003488050  0.37563000  0.83473226  0.40147752 -0.13113749 -0.07274108
I5    0.114093546  0.399977791  0.24806807  0.40147752  1.00858735  0.15282674 -0.27734963
I6   -0.009683120  0.539301136 -0.30931306 -0.13113749  0.15282674  1.35179082 -0.34222884
I7   -0.065204240 -0.216136796  0.01152176 -0.07274108 -0.27734963 -0.34222884  0.75987144
I8    0.107097093  0.083171569  0.24754852  0.31024404  0.02575258  0.03518029  0.19674541
I9    0.002249901  0.186740571  0.19901505  0.21737696  0.59502130 -0.11539045 -0.13698070
I10   0.207899837 -0.002984965  0.51415624  0.24178004  0.32227282 -0.17374670 -0.34819721
RFQ1  0.104919662  0.891125476  0.20288619  0.52763185  1.02600481  0.48720113 -0.52951385
RFQ2  0.104261145  0.514782614 -0.21613600  0.49360448  0.67699432  0.18252769 -0.44402968
RFQ3  0.111137453  0.935577447  0.59313251  0.32567072  0.71474430  0.17251087 -0.34276938
             I8           I9          I10       RFQ1        RFQ2       RFQ3
I1   0.10709709  0.002249901  0.207899837  0.1049197  0.10426114  0.1111375
I2   0.08317157  0.186740571 -0.002984965  0.8911255  0.51478261  0.9355774
I3   0.24754852  0.199015053  0.514156235  0.2028862 -0.21613600  0.5931325
I4   0.31024404  0.217376965  0.241780037  0.5276318  0.49360448  0.3256707
I5   0.02575258  0.595021296  0.322272822  1.0260048  0.67699432  0.7147443
I6   0.03518029 -0.115390451 -0.173746701  0.4872011  0.18252769  0.1725109
I7   0.19674541 -0.136980701 -0.348197214 -0.5295138 -0.44402968 -0.3427694
I8   0.83922776  0.044442420  0.115855477  0.1650802  0.03526623  0.3506936
I9   0.04444242  0.540952873  0.306782401  0.4561554  0.22486927  0.6294982
I10  0.11585548  0.306782401  1.437998010  0.4252341  0.13851934  0.6351879
RFQ1 0.16508017  0.456155406  0.425234132  1.9990262  1.01756440  1.3259447
RFQ2 0.03526623  0.224869271  0.138519340  1.0175644  1.58483638  0.7428793
RFQ3 0.35069355  0.629498250  0.635187915  1.3259447  0.74287934  1.9719302
[,,3]
                I1            I2            I3            I4           I5            I6
I1    1.156905e+00  1.129482e-01  3.465594e-01  3.435652e-01 1.715225e-01  1.365047e-01
I2    1.129482e-01  1.280360e+00  3.761261e-01  4.579680e-01 4.443108e-01  3.136288e-01
I3    3.465594e-01  3.761261e-01  1.091695e+00  8.186500e-01 1.980306e-01  1.392904e-01
I4    3.435652e-01  4.579680e-01  8.186500e-01  9.103408e-01 1.544937e-01  7.929189e-02
I5    1.715225e-01  4.443108e-01  1.980306e-01  1.544937e-01 1.376464e+00  6.561444e-02
I6    1.365047e-01  3.136288e-01  1.392904e-01  7.929189e-02 6.561444e-02  9.340361e-01
I7    1.972078e-01  2.044737e-01  1.465372e-01  9.729207e-02 1.688865e-01  3.547529e-01
I8    2.314857e-19  4.008919e-17 -4.089086e-17 -3.955516e-17 1.198254e-16 -2.735328e-17
I9    1.204301e-01 -5.427439e-02 -6.584674e-02  5.803231e-02 5.094197e-01 -8.566355e-02
I10   1.601208e-02 -1.027325e-01 -1.527252e-01 -7.259322e-02 2.879926e-01 -2.200080e-01
RFQ1 -1.126175e-02  2.645014e-01 -1.658953e-01 -1.550437e-01 8.790775e-01  8.320367e-03
RFQ2  2.306683e-01 -1.065863e-01  1.006101e-01 -1.069114e-02 9.713838e-01 -3.427692e-01
RFQ3  1.197148e-01 -1.951059e-01  1.178570e-01  3.168613e-02 7.946018e-01 -8.543516e-02
                I7            I8            I9           I10          RFQ1          RFQ2
I1    1.972078e-01  2.314857e-19  1.204301e-01  1.601208e-02 -1.126175e-02  2.306683e-01
I2    2.044737e-01  4.008919e-17 -5.427439e-02 -1.027325e-01  2.645014e-01 -1.065863e-01
I3    1.465372e-01 -4.089086e-17 -6.584674e-02 -1.527252e-01 -1.658953e-01  1.006101e-01
I4    9.729207e-02 -3.955516e-17  5.803231e-02 -7.259322e-02 -1.550437e-01 -1.069114e-02
I5    1.688865e-01  1.198254e-16  5.094197e-01  2.879926e-01  8.790775e-01  9.713838e-01
I6    3.547529e-01 -2.735328e-17 -8.566355e-02 -2.200080e-01  8.320367e-03 -3.427692e-01
I7    5.426017e-01 -7.841859e-18 -4.984971e-02 -5.754403e-02  1.162384e-01  5.370843e-02
I8   -7.841859e-18  1.283639e-03  2.965046e-17  4.623483e-17 -9.137759e-17  5.061491e-17
I9   -4.984971e-02  2.965046e-17  1.235591e+00  2.971746e-01  6.102698e-01  7.828966e-01
I10  -5.754403e-02  4.623483e-17  2.971746e-01  6.206889e-01  5.134468e-01  4.457638e-01
RFQ1  1.162384e-01 -9.137759e-17  6.102698e-01  5.134468e-01  1.976183e+00  1.121924e+00
RFQ2  5.370843e-02  5.061491e-17  7.828966e-01  4.457638e-01  1.121924e+00  2.513215e+00
RFQ3  6.092447e-02 -8.214839e-17  5.263785e-01  5.359254e-01  1.241648e+00  1.454372e+00
              RFQ3
I1    1.197148e-01
I2   -1.951059e-01
I3    1.178570e-01
I4    3.168613e-02
I5    7.946018e-01
I6   -8.543516e-02
I7    6.092447e-02
I8   -8.214839e-17
I9    5.263785e-01
I10   5.359254e-01
RFQ1  1.241648e+00
RFQ2  1.454372e+00
RFQ3  2.439465e+00
[,,4]
             I1           I2        I3         I4         I5         I6        I7        I8
I1   1.73352706  0.406009030 0.7249902 0.76932312 0.09836029 0.43678128 0.5147426 0.6672219
I2   0.40600903  2.786701399 0.4574730 0.68957372 0.17705652 0.45807440 0.6980316 0.2656005
I3   0.72499023  0.457472994 2.0351352 1.32206644 0.23251660 0.54016492 0.5884296 0.5995282
I4   0.76932312  0.689573719 1.3220664 1.80538475 0.20511507 0.51923408 0.6820338 0.7546069
I5   0.09836029  0.177056521 0.2325166 0.20511507 0.41678697 0.17396270 0.2388221 0.2686488
I6   0.43678128  0.458074396 0.5401649 0.51923408 0.17396270 1.09181765 0.5306037 0.4952538
I7   0.51474262  0.698031556 0.5884296 0.68203378 0.23882212 0.53060374 1.9495920 0.7173591
I8   0.66722190  0.265600538 0.5995282 0.75460692 0.26864877 0.49525376 0.7173591 1.7866298
I9   0.16753904 -0.151364246 0.1164589 0.08919946 0.09677699 0.06436228 0.1024591 0.2157905
I10  0.17915611 -0.009869911 0.3184316 0.16384217 0.14767653 0.18846051 0.3077024 0.2770813
RFQ1 0.17136185 -0.120373404 0.3239529 0.29148820 0.15932655 0.15485192 0.2014937 0.3212140
RFQ2 0.19603915 -0.106521221 0.2754641 0.26857407 0.15737137 0.14108636 0.2026731 0.3011179
RFQ3 0.17136185 -0.120373404 0.3239529 0.29148820 0.15932655 0.15485192 0.2014937 0.3212140
              I9          I10       RFQ1       RFQ2       RFQ3
I1    0.16753904  0.179156114  0.1713618  0.1960392  0.1713618
I2   -0.15136425 -0.009869911 -0.1203734 -0.1065212 -0.1203734
I3    0.11645886  0.318431588  0.3239529  0.2754641  0.3239529
I4    0.08919946  0.163842167  0.2914882  0.2685741  0.2914882
I5    0.09677699  0.147676528  0.1593266  0.1573714  0.1593266
I6    0.06436228  0.188460515  0.1548519  0.1410864  0.1548519
I7    0.10245913  0.307702391  0.2014937  0.2026731  0.2014937
I8    0.21579045  0.277081293  0.3212140  0.3011179  0.3212140
I9    0.43869075  0.171421213  0.1140607  0.1355899  0.1140607
I10   0.17142121  0.810616348  0.2178776  0.2158452  0.2178776
RFQ1  0.11406067  0.217877622  0.4016994  0.3074895  0.4004157
RFQ2  0.13558987  0.215845239  0.3074895  0.4205483  0.3074895
RFQ3  0.11406067  0.217877622  0.4004157  0.3074895  0.4016994
[,,5]
               I1          I2          I3           I4         I5          I6            I7
I1    0.997450560  0.16159716  0.24551455  0.325522928 0.31901927  0.19603916  0.2004664397
I2    0.161597158  1.25654262  0.17177126  0.259178144 0.13921230  0.33592694  0.3698064840
I3    0.245514546  0.17177126  0.86318158  0.642375562 0.17153814  0.23593072  0.2089652708
I4    0.325522928  0.25917814  0.64237556  0.767527760 0.12853497  0.22514938  0.1309556731
I5    0.319019268  0.13921230  0.17153814  0.128534969 0.87754583  0.04221716  0.0904003608
I6    0.196039165  0.33592694  0.23593072  0.225149377 0.04221716  0.60699859  0.2439075395
I7    0.200466440  0.36980648  0.20896527  0.130955673 0.09040036  0.24390754  1.2707807270
I8    0.071261754  0.24481216  0.25820304  0.300187431 0.09915695  0.40447041  0.2128252196
I9    0.052044459  0.18008669  0.07630106  0.007170907 0.47696991 -0.08997726 -0.0038567409
I10  -0.093180953  0.01962602 -0.02498201 -0.009139914 0.23773671 -0.03373620  0.0004948105
RFQ1 -0.004297857  0.07563975 -0.09498358  0.026842498 0.07388067 -0.01935484 -0.1641039173
RFQ2  0.019430699 -0.07946446 -0.02756534  0.018449152 0.13475543  0.01313315 -0.2683602558
RFQ3 -0.004297857  0.07563975 -0.09498358  0.026842498 0.07388067 -0.01935484 -0.1641039173
             I8           I9           I10         RFQ1        RFQ2         RFQ3
I1   0.07126175  0.052044459 -0.0931809528 -0.004297857  0.01943070 -0.004297857
I2   0.24481216  0.180086687  0.0196260209  0.075639752 -0.07946446  0.075639752
I3   0.25820304  0.076301058 -0.0249820066 -0.094983579 -0.02756534 -0.094983579
I4   0.30018743  0.007170907 -0.0091399144  0.026842498  0.01844915  0.026842498
I5   0.09915695  0.476969906  0.2377367082  0.073880674  0.13475543  0.073880674
I6   0.40447041 -0.089977260 -0.0337361991 -0.019354837  0.01313315 -0.019354837
I7   0.21282522 -0.003856741  0.0004948105 -0.164103917 -0.26836026 -0.164103917
I8   1.09165946  0.084759864  0.0687168368  0.126638763  0.10883041  0.126638763
I9   0.08475986  1.185676228  0.3612920625  0.127443143  0.10265740  0.127443143
I10  0.06871684  0.361292063  0.8268123673  0.302953034  0.13502825  0.302953034
RFQ1 0.12663876  0.127443143  0.3029530336  2.262539594  1.67381452  2.261255955
RFQ2 0.10883041  0.102657399  0.1350282521  1.673814518  1.80957404  1.673814518
RFQ3 0.12663876  0.127443143  0.3029530336  2.261255955  1.67381452  2.262539594
[,,6]
             I1         I2         I3        I4          I5          I6        I7          I8
I1   1.23450137 0.31750216 0.49844436 0.5589872  0.24230153  0.42052378 0.6351880  0.42007060
I2   0.31750216 2.07561562 0.76762390 0.6382719  0.14588460  0.75644878 0.5036072  0.51383694
I3   0.49844436 0.76762390 1.72810661 1.3405248  0.16101194  0.80751344 0.7197262  0.77882886
I4   0.55898717 0.63827190 1.34052480 1.9216505  0.19622124  0.78291199 0.8475145  0.81721399
I5   0.24230153 0.14588460 0.16101194 0.1962212  0.72486423  0.10473283 0.2338108 -0.03333009
I6   0.42052378 0.75644878 0.80751344 0.7829120  0.10473283  1.45145752 0.5607903  0.69556945
I7   0.63518799 0.50360723 0.71972617 0.8475145  0.23381077  0.56079025 1.9131673  0.63031604
I8   0.42007060 0.51383694 0.77882886 0.8172140 -0.03333009  0.69556945 0.6303160  1.73399594
I9   0.04841195 0.07231106 0.05795270 0.0845220  0.28449948 -0.01272523 0.1266647 -0.04396840
I10  0.10005794 0.13942217 0.04508721 0.1559637  0.29276092 -0.02009375 0.1343215 -0.03741417
RFQ1 0.15527995 0.10624315 0.07076443 0.1054179  0.39486874  0.01333382 0.1896266 -0.06767889
RFQ2 0.15527995 0.10624315 0.07076443 0.1054179  0.39486874  0.01333382 0.1896266 -0.06767889
RFQ3 0.18047889 0.13068020 0.11654882 0.1462034  0.37987524  0.03392651 0.2183273 -0.02623961
              I9         I10        RFQ1        RFQ2        RFQ3
I1    0.04841195  0.10005794  0.15527995  0.15527995  0.18047889
I2    0.07231106  0.13942217  0.10624315  0.10624315  0.13068020
I3    0.05795270  0.04508721  0.07076443  0.07076443  0.11654882
I4    0.08452200  0.15596369  0.10541787  0.10541787  0.14620339
I5    0.28449948  0.29276092  0.39486874  0.39486874  0.37987524
I6   -0.01272523 -0.02009375  0.01333382  0.01333382  0.03392651
I7    0.12666468  0.13432148  0.18962660  0.18962660  0.21832734
I8   -0.04396840 -0.03741417 -0.06767889 -0.06767889 -0.02623961
I9    0.71489780  0.46520710  0.33808288  0.33808288  0.30901975
I10   0.46520710  0.78544352  0.34778174  0.34778174  0.33927915
RFQ1  0.33808288  0.34778174  0.57698842  0.57570478  0.50689837
RFQ2  0.33808288  0.34778174  0.57570478  0.57698842  0.50689837
RFQ3  0.30901975  0.33927915  0.50689837  0.50689837  0.64115173
[,,7]
            I1         I2         I3        I4        I5        I6        I7         I8
I1   0.6743694 0.22792987  0.3866371 0.2848428 0.2809849 0.4494562 0.3393625 0.43773186
I2   0.2279299 1.03507777  0.5087628 0.2208049 0.3038885 0.3344705 0.3281552 0.24640267
I3   0.3866371 0.50876275  1.0776422 0.6679712 0.3573367 0.4605560 0.4535889 0.62979664
I4   0.2848428 0.22080491  0.6679712 1.2144665 0.2180100 0.3492244 0.3436654 0.29535898
I5   0.2809849 0.30388851  0.3573367 0.2180100 1.9297323 0.5391942 0.4086881 0.41981397
I6   0.4494562 0.33447051  0.4605560 0.3492244 0.5391942 0.9882471 0.7533437 0.33592698
I7   0.3393625 0.32815522  0.4535889 0.3436654 0.4086881 0.7533437 1.2442223 0.60048853
I8   0.4377319 0.24640267  0.6297966 0.2953590 0.4198140 0.3359270 0.6004885 1.68395414
I9   0.1655042 0.02743142  0.1307360 0.1019964 0.5846013 0.1819163 0.2234813 0.28564546
I10  0.0398610 0.09931891 -0.0195509 0.1285029 0.0740481 0.1335283 0.1943811 0.08105481
RFQ1 0.2100721 0.10409283  0.2536966 0.1225836 0.6361645 0.1532709 0.4317939 0.39066470
RFQ2 0.3028924 0.16001585  0.2691404 0.2715241 0.5154412 0.2537934 0.3673756 0.38749511
RFQ3 0.3044873 0.14655212  0.2657469 0.2798975 0.5202563 0.2541977 0.3709586 0.37965554
             I9         I10      RFQ1      RFQ2      RFQ3
I1   0.16550416  0.03986100 0.2100721 0.3028924 0.3044873
I2   0.02743142  0.09931891 0.1040928 0.1600158 0.1465521
I3   0.13073603 -0.01955090 0.2536966 0.2691404 0.2657469
I4   0.10199642  0.12850291 0.1225836 0.2715241 0.2798975
I5   0.58460127  0.07404810 0.6361645 0.5154412 0.5202563
I6   0.18191632  0.13352833 0.1532709 0.2537934 0.2541977
I7   0.22348135  0.19438108 0.4317939 0.3673756 0.3709586
I8   0.28564546  0.08105481 0.3906647 0.3874951 0.3796555
I9   1.13225774  0.12178988 0.6317600 0.4507833 0.4438819
I10  0.12178988  0.70523490 0.4825548 0.5284467 0.5308745
RFQ1 0.63176003  0.48255479 1.3394926 1.0700528 1.0766151
RFQ2 0.45078327  0.52844668 1.0700528 1.5337642 1.5253233
RFQ3 0.44388194  0.53087451 1.0766151 1.5253233 1.5203678
[,,8]
              I1          I2         I3         I4          I5          I6            I7
I1    0.38669266  0.01418384 0.06254258 0.07883705  0.19179177 -0.05323038  0.0388644785
I2    0.01418384  1.89954772 0.11511192 0.28502505 -0.07992208  0.15077151  0.1549832058
I3    0.06254258  0.11511192 1.34068904 0.42786547  0.29263396  0.18097270  0.1641092715
I4    0.07883705  0.28502505 0.42786547 1.35442329  0.31329280  0.03007816  0.2613822519
I5    0.19179177 -0.07992208 0.29263396 0.31329280  1.10199770  0.04375814  0.1234652395
I6   -0.05323038  0.15077151 0.18097270 0.03007816  0.04375814  1.02375420  0.2404315881
I7    0.03886448  0.15498321 0.16410927 0.26138225  0.12346524  0.24043159  1.2258031829
I8   -0.04464274  0.29102000 0.28282773 0.38248371  0.01091621  0.20703439  0.4728733666
I9    0.14592363 -0.06196535 0.16445735 0.17117895  0.57116247 -0.02795846  0.0001613843
I10   0.14345924 -0.06261640 0.17194758 0.17407553  0.57606772 -0.02655868  0.0025553279
RFQ1  0.16652389 -0.09850372 0.20029368 0.17537096  1.08921802 -0.04159946 -0.0006199971
RFQ2  0.23631897 -0.08542510 0.17603663 0.05655260  1.02790233  0.03229244 -0.0718853233
RFQ3  0.24518879 -0.02910883 0.23037921 0.16815673  0.96658916  0.08857240  0.1124071208
              I8            I9          I10          RFQ1        RFQ2        RFQ3
I1   -0.04464274  0.1459236277  0.143459237  0.1665238921  0.23631897  0.24518879
I2    0.29102000 -0.0619653496 -0.062616402 -0.0985037168 -0.08542510 -0.02910883
I3    0.28282773  0.1644573504  0.171947575  0.2002936847  0.17603663  0.23037921
I4    0.38248371  0.1711789546  0.174075527  0.1753709602  0.05655260  0.16815673
I5    0.01091621  0.5711624680  0.576067722  1.0892180152  1.02790233  0.96658916
I6    0.20703439 -0.0279584576 -0.026558681 -0.0415994611  0.03229244  0.08857240
I7    0.47287337  0.0001613843  0.002555328 -0.0006199971 -0.07188532  0.11240712
I8    1.24258679 -0.0887782115 -0.085246427 -0.2704680610 -0.14488365 -0.22036754
I9   -0.08877821  0.5262290925  0.525132273  0.6512725330  0.63524570  0.66064768
I10  -0.08524643  0.5251322732  0.526784146  0.6538843643  0.63573549  0.66820898
RFQ1 -0.27046806  0.6512725330  0.653884364  1.4719479542  1.29480782  1.18304051
RFQ2 -0.14488365  0.6352457027  0.635735491  1.2948078217  2.27922163  1.32543000
RFQ3 -0.22036754  0.6606476813  0.668208982  1.1830405083  1.32543000  1.69915154

[[3]]
----------------------------------------------------
Gaussian finite mixture model fitted by EM algorithm 
----------------------------------------------------

Mclust EEE (ellipsoidal, equal volume, shape and orientation) model with 9 components:

 log.likelihood    n df       BIC       ICL
       -6834.08 1519 54 -14063.75 -14467.62

Clustering table:
  1   2   3   4   5   6   7   8   9 
 13 815  34   1 331 116   5 146  58 

Mixing probabilities:
          1           2           3           4           5           6           7 
0.008558262 0.446587415 0.026470555 0.090411447 0.217906517 0.076366030 0.003488300 
          8           9 
0.090486954 0.039724519 

Means:
           [,1]     [,2]     [,3]     [,4]     [,5]     [,6]       [,7]     [,8]     [,9]
REI1  0.3076923 2.793508 2.963625 2.419895 2.703927 2.370690  2.9520451 3.173275 1.850643
REI2 -1.0000000 4.000000 5.000000 4.000000 3.000000 1.853448  4.0000000 5.000000 5.000000
REI3  0.6923077 3.347242 3.954380 3.509836 3.253776 2.896552 -0.8831177 3.936067 1.955337
REI4  0.4615385 3.056647 1.679370 2.849209 2.993958 2.681034  3.8080402 3.648701 2.634367

Variances:
[,,1]
            REI1        REI2        REI3       REI4
REI1 1.113080188 0.006123584 0.174767304 0.21044416
REI2 0.006123584 0.009551429 0.006083857 0.01091349
REI3 0.174767304 0.006083857 0.928839838 0.30384035
REI4 0.210444158 0.010913487 0.303840349 0.85821175
[,,2]
            REI1        REI2        REI3       REI4
REI1 1.113080188 0.006123584 0.174767304 0.21044416
REI2 0.006123584 0.009551429 0.006083857 0.01091349
REI3 0.174767304 0.006083857 0.928839838 0.30384035
REI4 0.210444158 0.010913487 0.303840349 0.85821175
[,,3]
            REI1        REI2        REI3       REI4
REI1 1.113080188 0.006123584 0.174767304 0.21044416
REI2 0.006123584 0.009551429 0.006083857 0.01091349
REI3 0.174767304 0.006083857 0.928839838 0.30384035
REI4 0.210444158 0.010913487 0.303840349 0.85821175
[,,4]
            REI1        REI2        REI3       REI4
REI1 1.113080188 0.006123584 0.174767304 0.21044416
REI2 0.006123584 0.009551429 0.006083857 0.01091349
REI3 0.174767304 0.006083857 0.928839838 0.30384035
REI4 0.210444158 0.010913487 0.303840349 0.85821175
[,,5]
            REI1        REI2        REI3       REI4
REI1 1.113080188 0.006123584 0.174767304 0.21044416
REI2 0.006123584 0.009551429 0.006083857 0.01091349
REI3 0.174767304 0.006083857 0.928839838 0.30384035
REI4 0.210444158 0.010913487 0.303840349 0.85821175
[,,6]
            REI1        REI2        REI3       REI4
REI1 1.113080188 0.006123584 0.174767304 0.21044416
REI2 0.006123584 0.009551429 0.006083857 0.01091349
REI3 0.174767304 0.006083857 0.928839838 0.30384035
REI4 0.210444158 0.010913487 0.303840349 0.85821175
[,,7]
            REI1        REI2        REI3       REI4
REI1 1.113080188 0.006123584 0.174767304 0.21044416
REI2 0.006123584 0.009551429 0.006083857 0.01091349
REI3 0.174767304 0.006083857 0.928839838 0.30384035
REI4 0.210444158 0.010913487 0.303840349 0.85821175
[,,8]
            REI1        REI2        REI3       REI4
REI1 1.113080188 0.006123584 0.174767304 0.21044416
REI2 0.006123584 0.009551429 0.006083857 0.01091349
REI3 0.174767304 0.006083857 0.928839838 0.30384035
REI4 0.210444158 0.010913487 0.303840349 0.85821175
[,,9]
            REI1        REI2        REI3       REI4
REI1 1.113080188 0.006123584 0.174767304 0.21044416
REI2 0.006123584 0.009551429 0.006083857 0.01091349
REI3 0.174767304 0.006083857 0.928839838 0.30384035
REI4 0.210444158 0.010913487 0.303840349 0.85821175

[[4]]
----------------------------------------------------
Gaussian finite mixture model fitted by EM algorithm 
----------------------------------------------------

Mclust EEV (ellipsoidal, equal volume and shape) model with 8 components:

 log.likelihood    n  df       BIC    ICL
      -15056.61 1519 181 -31439.19 -32193

Clustering table:
  1   2   3   4   5   6   7   8 
 45 429 199 156 251 238  84 117 

Mixing probabilities:
         1          2          3          4          5          6          7          8 
0.03228985 0.23398804 0.12966884 0.09962997 0.17862257 0.14780719 0.08737419 0.09061936 

Means:
         [,1]     [,2]     [,3]     [,4]     [,5]     [,6]     [,7]     [,8]
MR1  4.216220 3.996042 3.546862 4.375200 3.815045 5.462558 4.103256 5.150592
MR2  3.741517 3.747145 1.340863 6.702572 4.109371 2.469112 3.567112 1.797341
MR3  3.036315 3.125382 1.363707 6.656487 3.996314 2.259671 3.400491 1.251529
EPQ1 2.632575 3.630038 2.977660 3.672824 3.518151 5.434417 3.621413 4.416833
EPQ2 3.669267 3.626484 2.917723 4.013793 3.673951 5.190729 3.960333 5.005840
EPQ3 3.450645 3.769013 3.340708 4.026488 3.703939 4.893132 3.849341 4.971255

Variances:
[,,1]
             MR1         MR2        MR3        EPQ1       EPQ2        EPQ3
MR1   2.67529676 -0.06906589 -0.8369521  0.34433137  1.5661194 -1.24285434
MR2  -0.06906589  2.60779833  0.8663924  0.46881140 -0.7336656  1.09281716
MR3  -0.83695210  0.86639244  2.2019231  0.21125295 -1.4174379  2.65930202
EPQ1  0.34433137  0.46881140  0.2112530  1.24139320 -0.2669611 -0.05023114
EPQ2  1.56611943 -0.73366559 -1.4174379 -0.26696108  2.8370222 -2.30725815
EPQ3 -1.24285434  1.09281716  2.6593020 -0.05023114 -2.3072582  3.57199970
[,,2]
             MR1         MR2          MR3        EPQ1        EPQ2        EPQ3
MR1  3.079144251  0.33061442  0.007686386  1.58074448  1.58297180  1.70767830
MR2  0.330614416  2.03968112  0.762564565  0.13575295  0.13679486 -0.06100341
MR3  0.007686386  0.76256457  2.070654955 -0.08601552 -0.07734711 -0.21750466
EPQ1 1.580744480  0.13575295 -0.086015517  2.72747965  2.71276683  1.87738434
EPQ2 1.582971798  0.13679486 -0.077347109  2.71276683  2.73453221  1.87615021
EPQ3 1.707678304 -0.06100341 -0.217504658  1.87738434  1.87615021  2.48394118
[,,3]
           MR1       MR2       MR3      EPQ1      EPQ2      EPQ3
MR1  4.3826199 0.5399446 0.5722485 1.0476287 1.4243858 1.7141423
MR2  0.5399446 0.5935204 0.5820992 0.5743786 0.6263946 0.5665316
MR3  0.5722485 0.5820992 0.6081205 0.5710885 0.6485921 0.6160334
EPQ1 1.0476287 0.5743786 0.5710885 3.0717670 1.6415272 1.6000224
EPQ2 1.4243858 0.6263946 0.6485921 1.6415272 2.8439445 1.6861216
EPQ3 1.7141423 0.5665316 0.6160334 1.6000224 1.6861216 3.6354611
[,,4]
             MR1        MR2         MR3       EPQ1      EPQ2       EPQ3
MR1   4.02264594 0.06044276 -0.01036767 1.07932662 1.8678484 1.33492057
MR2   0.06044276 0.36808767  0.38434229 0.00703935 0.1014823 0.03651132
MR3  -0.01036767 0.38434229  0.44340512 0.03710930 0.1268196 0.06948401
EPQ1  1.07932662 0.00703935  0.03710930 3.40110460 1.9117157 1.89850139
EPQ2  1.86784844 0.10148229  0.12681961 1.91171567 3.3798096 1.67203256
EPQ3  1.33492057 0.03651132  0.06948401 1.89850139 1.6720326 3.52038040
[,,5]
              MR1         MR2          MR3         EPQ1       EPQ2        EPQ3
MR1   3.620259769 -0.21804122  0.006845327  1.639573277  1.8626837  1.70564657
MR2  -0.218041217  2.90904457  0.014035512 -0.437470156 -0.2603726 -0.30188679
MR3   0.006845327  0.01403551  0.018446781 -0.003187148 -0.0139458 -0.01059495
EPQ1  1.639573277 -0.43747016 -0.003187148  2.733109623  1.5889611  1.76733856
EPQ2  1.862683665 -0.26037257 -0.013945802  1.588961051  2.9933990  2.10191496
EPQ3  1.705646570 -0.30188679 -0.010594952  1.767338560  2.1019150  2.86117362
[,,6]
            MR1        MR2        MR3       EPQ1       EPQ2       EPQ3
MR1   2.3101863 -1.5805539 -0.6865365  2.3131781  1.5719906  1.0075961
MR2  -1.5805539  2.3394979  1.0484208 -1.5864160 -1.1890723 -0.5813228
MR3  -0.6865365  1.0484208  1.9458133 -0.7269129 -0.5925558 -0.2870957
EPQ1  2.3131781 -1.5864160 -0.7269129  2.3544331  1.6184351  1.0229085
EPQ2  1.5719906 -1.1890723 -0.5925558  1.6184351  2.7352873  1.0294951
EPQ3  1.0075961 -0.5813228 -0.2870957  1.0229085  1.0294951  3.4502154
[,,7]
           MR1         MR2       MR3       EPQ1       EPQ2       EPQ3
MR1  2.7429886  0.12631487 1.0701852  1.4899573 2.14648066  1.8118619
MR2  0.1263149  2.14316889 0.5552336 -0.2230678 0.03798185 -0.1778072
MR3  1.0701852  0.55523356 2.9711735  0.7796002 1.02997675  0.7771026
EPQ1 1.4899573 -0.22306784 0.7796002  2.5558688 1.40129563  1.5342495
EPQ2 2.1464807  0.03798185 1.0299767  1.4012956 2.29419440  2.2480986
EPQ3 1.8118619 -0.17780719 0.7771026  1.5342495 2.24809862  2.4280391
[,,8]
            MR1        MR2        MR3       EPQ1       EPQ2       EPQ3
MR1   3.5824832 -0.5521887 -0.2236632  1.1383572  1.0335476  0.9586809
MR2  -0.5521887  1.3095576  0.5251582 -0.9165189 -1.3734990 -0.8774409
MR3  -0.2236632  0.5251582  0.2491037 -0.2861142 -0.3710992 -0.2573914
EPQ1  1.1383572 -0.9165189 -0.2861142  3.4038296  1.8956621  1.6248630
EPQ2  1.0335476 -1.3734990 -0.3710992  1.8956621  3.5762722  2.1584015
EPQ3  0.9586809 -0.8774409 -0.2573914  1.6248630  2.1584015  3.0141871

[[5]]
----------------------------------------------------
Gaussian finite mixture model fitted by EM algorithm 
----------------------------------------------------

Mclust EEE (ellipsoidal, equal volume, shape and orientation) model with 9 components:

 log.likelihood    n  df       BIC       ICL
      -40250.21 1519 288 -82610.26 -83131.15

Clustering table:
  1   2   3   4   5   6   7   8   9 
851  32  24 305  54  72  42 126  13 

Mixing probabilities:
          1           2           3           4           5           6           7 
0.524449867 0.021376174 0.016206442 0.209336667 0.038780379 0.067673670 0.027147847 
          8           9 
0.086469518 0.008559436 

Means:
        [,1]     [,2]      [,3]     [,4]     [,5]     [,6]     [,7]     [,8]        [,9]
L1  4.668238 4.179255 4.1391529 4.145203 1.542782 5.070823 4.183469 5.197934 -0.38416971
L2  4.650409 4.960913 3.7560047 4.054760 2.126479 4.943844 3.512612 5.040706 -0.30735249
L3  4.383592 3.734216 2.8594271 4.037967 2.606744 4.655011 3.767319 5.015542 -0.38416971
L4  5.009061 5.029940 3.6121085 4.280659 2.864700 5.324561 4.674597 5.354441 -0.15321775
L5  3.131911 2.512526 3.1597170 3.629972 1.643192 5.455631 3.594745 4.412014 -0.23053528
L6  4.043317 3.150520 3.9136786 4.115178 4.072176 4.921917 3.870939 5.049735 -0.38425499
L7  4.824772 3.963967 4.6211979 4.413943 4.807398 5.480716 5.041152 5.747283 -0.38427827
L8  3.978500 2.947249 3.4161821 4.002448 3.464240 5.144164 4.167724 4.821765 -0.38434026
L9  5.790303 5.883135 5.5449430 5.051338 5.893881 6.336381 1.437978 6.224694 -0.38421632
L10 5.178295 5.045309 3.7201827 4.246906 4.882015 5.784775 4.143571 5.145192 -0.30746106
L11 5.371785 5.406636 0.7723629 4.460853 5.424215 5.810632 5.400713 5.695045 -0.38421632
L12 1.928318 2.323618 1.4674345 3.978962 1.758733 1.248393 1.987856 5.870721 -0.07670019
L13 5.252315 4.514765 5.6204206 4.680230 5.086280 5.777089 5.618123 6.040816 -0.23026746
L14 5.401557 4.681300 5.8249069 4.786846 5.665002 5.956877 5.467501 5.929700 -0.23045001
L15 4.610627 4.482002 4.6605471 4.382336 4.828953 5.766359 4.679624 5.420922 -0.23051536
L16 5.550092 1.006670 5.8399102 4.877910 5.495240 6.357652 5.895587 6.103369  0.15413273

Variances:
[,,1]
             L1          L2           L3            L4          L5          L6           L7
L1   1.40072962  0.38235566  0.532447861  6.287759e-01  0.19121599  0.22825729  0.187009345
L2   0.38235566  2.33243637  0.562005234  5.489282e-01  0.28826420  0.16486886  0.044958437
L3   0.53244786  0.56200523  2.260006262  5.634994e-01  0.55752047  0.33330737  0.350672121
L4   0.62877591  0.54892823  0.563499399  1.600652e+00  0.21216444  0.22111774  0.229770692
L5   0.19121599  0.28826420  0.557520467  2.121644e-01  2.04945589  0.63176114  0.476237532
L6   0.22825729  0.16486886  0.333307367  2.211177e-01  0.63176114  2.29470409  0.593583765
L7   0.18700934  0.04495844  0.350672121  2.297707e-01  0.47623753  0.59358377  1.895097352
L8   0.16292129  0.12495156  0.386524280  2.241381e-01  0.73145680  0.65825298  0.607048633
L9   0.26631412  0.29413675  0.162429191  3.186880e-01 -0.02325384  0.06134390  0.161748558
L10  0.37696709  0.51295082  0.405805753  3.612905e-01  0.14844714  0.02894603 -0.005485001
L11  0.53321865  0.32610209  0.299644201  4.619745e-01  0.08649395 -0.01322920  0.114293601
L12 -0.06964129  0.03030500 -0.002727961 -4.220247e-02  0.24289589  0.20665452  0.040043013
L13 -0.02401938 -0.17638958  0.024825191  2.425863e-05  0.23125587  0.43487039  0.478154208
L14  0.12973345 -0.01942784  0.036045342  1.277861e-01  0.31220207  0.42761760  0.416299033
L15  0.11843583  0.07471607  0.025300880  1.264019e-01  0.36916147  0.51234429  0.366164436
L16  0.04660578 -0.04050901  0.087503850  1.202446e-01  0.19280469  0.32703152  0.472683502
             L8          L9          L10          L11          L12           L13         L14
L1  0.162921294  0.26631412  0.376967087  0.533218651 -0.069641292 -2.401938e-02  0.12973345
L2  0.124951562  0.29413675  0.512950817  0.326102095  0.030304999 -1.763896e-01 -0.01942784
L3  0.386524280  0.16242919  0.405805753  0.299644201 -0.002727961  2.482519e-02  0.03604534
L4  0.224138088  0.31868797  0.361290462  0.461974526 -0.042202473  2.425863e-05  0.12778612
L5  0.731456804 -0.02325384  0.148447137  0.086493946  0.242895892  2.312559e-01  0.31220207
L6  0.658252976  0.06134390  0.028946034 -0.013229204  0.206654525  4.348704e-01  0.42761760
L7  0.607048633  0.16174856 -0.005485001  0.114293601  0.040043013  4.781542e-01  0.41629903
L8  2.059899606  0.07509692  0.105644262  0.001485704  0.162170704  4.301912e-01  0.53042057
L9  0.075096922  1.03170700  0.161694775  0.333260631 -0.025781400  9.472645e-02  0.15486113
L10 0.105644262  0.16169477  2.148485380  0.318099581 -0.036711863 -3.501195e-02  0.10642075
L11 0.001485704  0.33326063  0.318099581  1.094768729 -0.077735674 -1.636602e-02  0.10630363
L12 0.162170704 -0.02578140 -0.036711863 -0.077735674  0.767430825 -9.344388e-02  0.03683320
L13 0.430191186  0.09472645 -0.035011948 -0.016366017 -0.093443882  1.881117e+00  0.59280757
L14 0.530420574  0.15486113  0.106420754  0.106303627  0.036833203  5.928076e-01  1.61661268
L15 0.639442695  0.05953551  0.127825051  0.137633094  0.152619692  5.589651e-01  0.76275181
L16 0.516463659  0.18574962 -0.013116390  0.125091627 -0.013961630  6.544433e-01  0.61414248
           L15         L16
L1  0.11843583  0.04660578
L2  0.07471607 -0.04050901
L3  0.02530088  0.08750385
L4  0.12640193  0.12024459
L5  0.36916147  0.19280469
L6  0.51234429  0.32703152
L7  0.36616444  0.47268350
L8  0.63944270  0.51646366
L9  0.05953551  0.18574962
L10 0.12782505 -0.01311639
L11 0.13763309  0.12509163
L12 0.15261969 -0.01396163
L13 0.55896507  0.65444329
L14 0.76275181  0.61414248
L15 2.15144901  0.62068717
L16 0.62068717  1.20659411
[,,2]
             L1          L2           L3            L4          L5          L6           L7
L1   1.40072962  0.38235566  0.532447861  6.287759e-01  0.19121599  0.22825729  0.187009345
L2   0.38235566  2.33243637  0.562005234  5.489282e-01  0.28826420  0.16486886  0.044958437
L3   0.53244786  0.56200523  2.260006262  5.634994e-01  0.55752047  0.33330737  0.350672121
L4   0.62877591  0.54892823  0.563499399  1.600652e+00  0.21216444  0.22111774  0.229770692
L5   0.19121599  0.28826420  0.557520467  2.121644e-01  2.04945589  0.63176114  0.476237532
L6   0.22825729  0.16486886  0.333307367  2.211177e-01  0.63176114  2.29470409  0.593583765
L7   0.18700934  0.04495844  0.350672121  2.297707e-01  0.47623753  0.59358377  1.895097352
L8   0.16292129  0.12495156  0.386524280  2.241381e-01  0.73145680  0.65825298  0.607048633
L9   0.26631412  0.29413675  0.162429191  3.186880e-01 -0.02325384  0.06134390  0.161748558
L10  0.37696709  0.51295082  0.405805753  3.612905e-01  0.14844714  0.02894603 -0.005485001
L11  0.53321865  0.32610209  0.299644201  4.619745e-01  0.08649395 -0.01322920  0.114293601
L12 -0.06964129  0.03030500 -0.002727961 -4.220247e-02  0.24289589  0.20665452  0.040043013
L13 -0.02401938 -0.17638958  0.024825191  2.425863e-05  0.23125587  0.43487039  0.478154208
L14  0.12973345 -0.01942784  0.036045342  1.277861e-01  0.31220207  0.42761760  0.416299033
L15  0.11843583  0.07471607  0.025300880  1.264019e-01  0.36916147  0.51234429  0.366164436
L16  0.04660578 -0.04050901  0.087503850  1.202446e-01  0.19280469  0.32703152  0.472683502
             L8          L9          L10          L11          L12           L13         L14
L1  0.162921294  0.26631412  0.376967087  0.533218651 -0.069641292 -2.401938e-02  0.12973345
L2  0.124951562  0.29413675  0.512950817  0.326102095  0.030304999 -1.763896e-01 -0.01942784
L3  0.386524280  0.16242919  0.405805753  0.299644201 -0.002727961  2.482519e-02  0.03604534
L4  0.224138088  0.31868797  0.361290462  0.461974526 -0.042202473  2.425863e-05  0.12778612
L5  0.731456804 -0.02325384  0.148447137  0.086493946  0.242895892  2.312559e-01  0.31220207
L6  0.658252976  0.06134390  0.028946034 -0.013229204  0.206654525  4.348704e-01  0.42761760
L7  0.607048633  0.16174856 -0.005485001  0.114293601  0.040043013  4.781542e-01  0.41629903
L8  2.059899606  0.07509692  0.105644262  0.001485704  0.162170704  4.301912e-01  0.53042057
L9  0.075096922  1.03170700  0.161694775  0.333260631 -0.025781400  9.472645e-02  0.15486113
L10 0.105644262  0.16169477  2.148485380  0.318099581 -0.036711863 -3.501195e-02  0.10642075
